,X,Y,dX,dY,,,,,
1,0,371.3,NA,NA,,,,X,Y
2,2,372.53,2,1.23,,,2020/3/2,0,1953.95
3,26,380.28,24,7.75,,,2020/3/3,2,1908.99
4,63,369.77,37,-10.51,,,2020/3/4,26,1975.83
5,18,355.75,-45,-14.02,,,2020/3/5,63,1924.03
6,99,333.69,81,-22.06,,,2020/3/6,18,1901.09
7,144,330.53,45,-3.16,,,2020/3/9,99,1800.61
8,211,325.94,67,-4.59,,,2020/3/10,144,1891.82
9,64,297.65,-147,-28.29,,,2020/3/11,211,1820.86
10,538,310.88,474,13.23,,,2020/3/12,64,1676.61
11,612,293.8,74,-17.08,,,2020/3/13,538,1785
12,798,307.28,186,13.48,,,2020/3/16,612,1689.15
13,661,284.28,-137,-23,,,2020/3/17,798,1807.84
14,2042,291.19,1381,6.91,,,2020/3/18,661,1830
15,2803,307.03,761,15.84,,,2020/3/19,2042,1880.93
16,5118,307.43,2315,0.4,,,2020/3/20,2803,1846.09
17,7600,334.82,2482,27.39,,,2020/3/23,5118,1902.83
18,10063,358.86,2463,24.04,,,2020/3/24,7600,1940.1
19,16979,359.06,6916,0.2,,,2020/3/25,10063,1885.84
20,23990,337.29,7011,-21.77,,,2020/3/26,16979,1955.49
21,19662,345.53,-4328,8.24,,,2020/3/27,23990,1900.1
22,23751,334.13,4089,-11.4,,,2020/3/30,19662,1963.95
23,21915,320.51,-1836,-13.62,,,2020/3/31,23751,1949.72
24,28444,321.2,6529,0.69,,,2020/4/1,21915,1907.7
25,28751,320.9,307,-0.3,,,2020/4/2,28444,1918.83
26,28222,335.41,-529,14.51,,,2020/4/3,28751,1906.59
27,29595,340.1,1373,4.69,,,2020/4/6,28222,1997.59
28,29556,338.82,-39,-1.28,,,2020/4/7,29595,2011.6
29,32829,342.97,3273,4.15,,,2020/4/8,29556,2043
30,28917,342.97,-3912,0,,,2020/4/9,32829,2042.76
31,25306,347.51,-3611,4.54,,,2020/4/13,28917,2168.87
32,27051,337.64,1745,-9.87,,,2020/4/14,25306,2283.32
33,28680,338.43,1629,0.79,,,2020/4/15,27051,2307.68
34,31451,353.43,2771,15,,,2020/4/16,28680,2408.19
35,26889,355.85,-4562,2.42,,,2020/4/17,31451,2375
36,25240,350,-1649,-5.85,,,2020/4/20,26889,2393.61
37,39460,353.45,14220,3.45,,,2020/4/21,25240,2328.12
38,15889,348.65,-23571,-4.8,,,2020/4/22,39460,2363.49
39,29495,340.85,13606,-7.8,,,2020/4/23,15889,2399.45
40,27631,350.95,-1864,10.1,,,2020/4/24,29495,2410.22
41,22412,357,-5219,6.05,,,2020/4/27,27631,2376
42,24385,359.8,1973,2.8,,,2020/4/28,22412,2314.08
43,27327,352.45,2942,-7.35,,,2020/4/29,24385,2372.71
44,29515,352.45,2188,0,,,2020/4/30,27327,2474
45,30326,338.55,811,-13.9,,,2020/5/1,29515,2286.04
46,22335,342.5,-7991,3.95,,,2020/5/4,30326,2315.99
47,23976,336.4,1641,-6.1,,,2020/5/5,22335,2317.8
48,24252,345.55,276,9.15,,,2020/5/6,23976,2351.26
49,28420,352.25,4168,6.7,,,2020/5/7,24252,2367.61
50,19710,348.9,-8710,-3.35,,,2020/5/8,28420,2379.61
51,18621,346.85,-1089,-2.05,,,2020/5/11,19710,2409
52,21495,335.05,2874,-11.8,,,2020/5/12,18621,2356.95
53,21030,331,-465,-4.05,,,2020/5/13,21495,2367.92
54,27368,330.25,6338,-0.75,,,2020/5/14,21030,2388.85
55,18937,350.05,-8431,19.8,,,2020/5/15,27368,2409.78
56,21551,357.5,2614,7.45,,,2020/5/18,18937,2426.26
57,20260,361.75,-1291,4.25,,,2020/5/19,21551,2449.33
58,23285,359.85,3025,-1.9,,,2020/5/20,20260,2497.94
59,25294,355.3,2009,-4.55,,,2020/5/21,23285,2446.74
,,,,,,,2020/5/22,25294,2436.88
